Open time,Open price,High price,Low price,Close price,Volume,Close time,Quote asset volume,Number of trades,Taker buy base asset volume,Taker buy quote asset volume
1629547200000,0.31935000,0.32210000,0.31854000,0.32184000,39117310.90000000,1629548999999,12552920.95490000,13600,23072902.00000000,7401551.25710400
1629549000000,0.32185000,0.32465000,0.31997000,0.32382000,51005162.40000000,1629550799999,16444047.95631500,19795,26400391.40000000,8513728.33385700
1629550800000,0.32382000,0.33000000,0.32315000,0.32556000,91488980.70000000,1629552599999,29868519.04279400,45474,53273318.60000000,17405926.46960600
1629552600000,0.32556000,0.32589000,0.32342000,0.32394000,23694980.80000000,1629554399999,7693752.53066900,10805,11661714.60000000,3786950.66842200
1629554400000,0.32395000,0.32427000,0.31872000,0.32085000,81478603.00000000,1629556199999,26109087.61024900,27334,41697555.10000000,13354420.46587100
1629556200000,0.32085000,0.32118000,0.31871000,0.31948000,30329599.90000000,1629557999999,9701791.75318100,12420,14495044.80000000,4637175.65262800
1629558000000,0.31949000,0.32262000,0.31932000,0.32113000,25391365.20000000,1629559799999,8160460.83923000,10371,11960406.00000000,3844036.71254000
1629559800000,0.32113000,0.32266000,0.32091000,0.32213000,17360455.60000000,1629561599999,5586231.25947500,7536,8723018.10000000,2807537.84338400
1629561600000,0.32213000,0.32305000,0.31969000,0.32302000,38278952.30000000,1629563399999,12301327.72444200,13035,22292950.90000000,7165851.89717900
1629563400000,0.32303000,0.32377000,0.32150000,0.32212000,24413063.30000000,1629565199999,7878712.60026100,10434,12296668.10000000,3968445.90061500
1629565200000,0.32212000,0.32600000,0.32124000,0.32414000,53520656.00000000,1629566999999,17337637.24018100,17712,30352048.00000000,9834161.68053100
1629567000000,0.32413000,0.32627000,0.32162000,0.32359000,40908603.90000000,1629568799999,13277967.97618800,17153,20820138.80000000,6758331.30841000
1629568800000,0.32358000,0.32377000,0.31931000,0.32040000,30584882.50000000,1629570599999,9808601.23781400,12332,13053519.70000000,4186502.05308000
1629570600000,0.32041000,0.32193000,0.31969000,0.32065000,20451116.00000000,1629572399999,6561634.79338600,7749,9686061.10000000,3108905.32414000
1629572400000,0.32066000,0.32091000,0.31612000,0.31837000,40048781.80000000,1629574199999,12754120.98029100,16894,17707210.90000000,5638042.91558700
1629574200000,0.31834000,0.31916000,0.31540000,0.31733000,29399482.10000000,1629575999999,9329978.50106700,12012,13035640.50000000,4138105.77003700
1629576000000,0.31733000,0.31868000,0.31617000,0.31713000,23347177.70000000,1629577799999,7407582.66510300,9841,12176132.80000000,3862981.43670200
1629577800000,0.31714000,0.31953000,0.31713000,0.31911000,18562745.10000000,1629579599999,5912373.15544000,7936,8496102.50000000,2705525.39460200
1629579600000,0.31912000,0.32118000,0.31817000,0.32049000,19028190.00000000,1629581399999,6085929.57036000,7485,10866648.70000000,3475826.29573900
1629581400000,0.32049000,0.32093000,0.31944000,0.32028000,11664895.20000000,1629583199999,3735117.67490700,5102,5321572.00000000,1704124.81529600
1629583200000,0.32027000,0.32133000,0.32014000,0.32030000,13011894.70000000,1629584999999,4172740.36550200,5561,6252366.40000000,2005272.51508900
1629585000000,0.32030000,0.32044000,0.31835000,0.31989000,13524072.40000000,1629586799999,4321126.40568900,5288,5511980.90000000,1761878.18288900
1629586800000,0.31990000,0.32044000,0.31789000,0.31838000,12410970.50000000,1629588599999,3963338.43345400,5086,6249515.00000000,1995985.97672200
1629588600000,0.31837000,0.31870000,0.31643000,0.31662000,24341298.30000000,1629590399999,7728240.98756500,7394,9065972.70000000,2878853.89809500
1629590400000,0.31666000,0.31958000,0.31600000,0.31854000,29726663.60000000,1629592199999,9448729.23865200,9449,15577128.80000000,4951576.47987900
1629592200000,0.31861000,0.31979000,0.31761000,0.31843000,18286778.60000000,1629593999999,5826089.01794300,5638,9173215.10000000,2922550.42432700
1629594000000,0.31842000,0.31875000,0.31752000,0.31868000,12972569.50000000,1629595799999,4126389.54772800,5195,6608893.60000000,2101943.11085600
1629595800000,0.31870000,0.31997000,0.31866000,0.31932000,18748891.90000000,1629597599999,5989641.23650000,6098,9667982.40000000,3088558.10205800
1629597600000,0.31926000,0.31930000,0.31555000,0.31593000,23712677.40000000,1629599399999,7525440.64678000,8705,10546351.10000000,3348938.67254300
1629599400000,0.31590000,0.31598000,0.31118000,0.31531000,75106503.70000000,1629601199999,23594383.91076900,24707,39312217.50000000,12355169.44258200
1629601200000,0.31530000,0.31664000,0.31359000,0.31404000,18780731.50000000,1629602999999,5924196.15896600,7035,8476525.00000000,2673882.29064700
1629603000000,0.31400000,0.31550000,0.31319000,0.31461000,22457313.40000000,1629604799999,7056514.88091800,8000,10621893.90000000,3337813.17053000
1629604800000,0.31462000,0.31610000,0.31383000,0.31550000,31179707.10000000,1629606599999,9820782.05851800,8823,19506486.80000000,6142901.88732400
1629606600000,0.31550000,0.31732000,0.31487000,0.31708000,20091678.50000000,1629608399999,6347870.86677100,7098,11172353.80000000,3530286.46313400
1629608400000,0.31709000,0.31822000,0.31565000,0.31634000,24529315.50000000,1629610199999,7777114.58607300,8775,13158644.50000000,4172884.85802100
1629610200000,0.31635000,0.31680000,0.31551000,0.31622000,13322063.50000000,1629611999999,4210482.88363400,5634,6284011.30000000,1986191.09631300
1629612000000,0.31623000,0.32014000,0.31603000,0.31851000,37739881.40000000,1629613799999,12017032.41421900,11656,21077461.70000000,6712129.73991600
1629613800000,0.31849000,0.32117000,0.31844000,0.31881000,32159209.00000000,1629615599999,10283667.71424300,12908,18413682.40000000,5889246.42587300
1629615600000,0.31881000,0.32011000,0.31830000,0.31989000,16557725.50000000,1629617399999,5286962.17727700,6492,8610301.50000000,2749448.50707000
1629617400000,0.31989000,0.31997000,0.31850000,0.31935000,16375077.30000000,1629619199999,5227507.80208300,7080,7608090.50000000,2428612.38568000
1629619200000,0.31936000,0.32025000,0.31716000,0.31796000,26707897.50000000,1629620999999,8522426.24772200,11493,12489052.30000000,3985725.78915100
1629621000000,0.31796000,0.31922000,0.31770000,0.31802000,17194516.70000000,1629622799999,5477463.00293900,6279,7791846.50000000,2482170.18767700
1629622800000,0.31797000,0.31973000,0.31796000,0.31958000,20681378.40000000,1629624599999,6594914.44910700,7153,11502182.30000000,3667903.38924000
1629624600000,0.31958000,0.32099000,0.31932000,0.32011000,21291872.70000000,1629626399999,6815287.46644700,8145,10715978.50000000,3430221.80437400
1629626400000,0.32012000,0.32159000,0.31930000,0.31953000,40231304.50000000,1629628199999,12893830.80758500,12562,20475772.50000000,6560898.94528700
1629628200000,0.31960000,0.32049000,0.31857000,0.31884000,18908877.10000000,1629629999999,6041028.47435200,8221,10661830.30000000,3406620.65796900
1629630000000,0.31884000,0.32037000,0.31858000,0.32010000,15981810.40000000,1629631799999,5107435.64098800,6180,9589606.40000000,3064773.61358100
1629631800000,0.32018000,0.32035000,0.31838000,0.31908000,23244954.50000000,1629633599999,7413339.04840900,7867,9580269.40000000,3055555.17773000
1629633600000,0.31908000,0.31960000,0.31700000,0.31759000,19585213.10000000,1629635399999,6230850.04182700,8454,9661521.40000000,3074085.82844500
1629635400000,0.31756000,0.31800000,0.31592000,0.31634000,27780265.40000000,1629637199999,8801406.92247600,11187,14017626.10000000,4441294.32848200
1629637200000,0.31634000,0.31660000,0.31268000,0.31653000,61640298.70000000,1629638999999,19372851.40171300,18664,34867170.40000000,10953021.82777800
1629639000000,0.31651000,0.31759000,0.31450000,0.31558000,27988790.30000000,1629640799999,8844662.65647800,10933,13176521.90000000,4163833.01402600
1629640800000,0.31558000,0.31599000,0.31450000,0.31492000,21333745.30000000,1629642599999,6723425.13216500,7769,10825575.60000000,3411617.49873500
1629642600000,0.31489000,0.31503000,0.30555000,0.30731000,125271538.40000000,1629644399999,38832467.87710500,40996,57458818.40000000,17817692.45506900
1629644400000,0.30730000,0.31102000,0.30555000,0.30988000,73237694.80000000,1629646199999,22620684.72780400,20295,37959791.20000000,11731392.97755400
1629646200000,0.30989000,0.31188000,0.30957000,0.31127000,21988447.20000000,1629647999999,6838722.74457200,8982,11044436.70000000,3435116.30724700
1629648000000,0.31127000,0.31134000,0.30800000,0.31116000,32297320.10000000,1629649799999,10001312.47612700,11746,16153928.70000000,5002733.08735800
1629649800000,0.31112000,0.31371000,0.31000000,0.31155000,31577643.90000000,1629651599999,9839799.61768800,11583,17046056.00000000,5313341.31284300
1629651600000,0.31154000,0.31229000,0.30956000,0.31043000,18354222.80000000,1629653399999,5709128.77464700,7264,8581182.00000000,2668947.89649400
1629653400000,0.31043000,0.31139000,0.30850000,0.31000000,19984692.40000000,1629655199999,6188592.24361100,8034,9832574.00000000,3044852.08041400
1629655200000,0.31000000,0.31001000,0.30500000,0.30745000,44510730.90000000,1629656999999,13661712.79978200,15444,18423094.70000000,5656497.40362900
1629657000000,0.30744000,0.31073000,0.30721000,0.30920000,45364920.30000000,1629658799999,14038085.14309600,11402,18241582.60000000,5644143.62956500
1629658800000,0.30919000,0.31161000,0.30903000,0.31133000,27045533.10000000,1629660599999,8401959.30815100,8029,13118665.90000000,4075126.41377600
1629660600000,0.31133000,0.31168000,0.30967000,0.31082000,16798769.40000000,1629662399999,5219088.64411300,6560,8299464.40000000,2578530.59838000
1629662400000,0.31079000,0.31079000,0.30606000,0.30714000,35439308.30000000,1629664199999,10895219.42998300,10863,20133102.10000000,6189048.41464900
1629664200000,0.30714000,0.30918000,0.30608000,0.30854000,17741862.20000000,1629665999999,5453283.72987800,7028,9534337.90000000,2930365.80442400
1629666000000,0.30856000,0.30908000,0.30704000,0.30854000,10819027.50000000,1629667799999,3333587.39511800,5490,5824648.60000000,1794631.12775300
1629667800000,0.30853000,0.31125000,0.30832000,0.31100000,10640583.30000000,1629669599999,3299638.50000000,6409,6059952.20000000,1879103.80751000
1629669600000,0.31099000,0.31262000,0.30999000,0.31123000,24403684.90000000,1629671399999,7601334.14062000,9632,13074239.70000000,4072967.47075700
1629671400000,0.31121000,0.31431000,0.31030000,0.31397000,23013952.10000000,1629673199999,7193032.69564000,8736,12010437.90000000,3754070.60951500
1629673200000,0.31391000,0.31633000,0.31345000,0.31582000,41966730.00000000,1629674999999,13225672.87687400,13358,22590949.40000000,7120561.42209900
1629675000000,0.31585000,0.31606000,0.31359000,0.31467000,26344270.20000000,1629676799999,8288475.12853200,10734,12827437.20000000,4036020.81577100
1629676800000,0.31467000,0.31900000,0.31446000,0.31638000,50308983.30000000,1629678599999,15952399.11357400,18563,28290027.00000000,8973281.11116900
1629678600000,0.31637000,0.31664000,0.31400000,0.31467000,30461592.80000000,1629680399999,9588336.08797100,10023,14656800.40000000,4613459.66159500
1629680400000,0.31466000,0.31623000,0.31280000,0.31600000,31857132.90000000,1629682199999,10008951.36636200,11645,14922056.00000000,4687773.98332200
1629682200000,0.31601000,0.31721000,0.31487000,0.31604000,45944781.40000000,1629683999999,14518362.78729400,11926,22409938.40000000,7080927.69298700
1629684000000,0.31594000,0.31659000,0.31440000,0.31573000,23226263.80000000,1629685799999,7327474.80634500,8545,12031382.40000000,3795845.16368300
1629685800000,0.31572000,0.31932000,0.31522000,0.31825000,64623137.20000000,1629687599999,20543036.01684500,18868,29327980.00000000,9319830.37053800
1629687600000,0.31825000,0.32328000,0.31820000,0.31887000,79765967.20000000,1629689399999,25576653.89239300,39843,40285976.30000000,12918015.53315000
1629689400000,0.31884000,0.32200000,0.31862000,0.32113000,64449383.70000000,1629691199999,20659059.92218500,18452,33716808.40000000,10809557.98648800
1629691200000,0.32117000,0.32578000,0.32042000,0.32314000,86630144.30000000,1629692999999,27997186.56467600,35136,46705008.90000000,15096622.47358700
1629693000000,0.32314000,0.32458000,0.32200000,0.32270000,43299455.00000000,1629694799999,13999669.85214300,14946,17028583.00000000,5503834.40738000
1629694800000,0.32261000,0.32348000,0.32120000,0.32227000,34845056.80000000,1629696599999,11231842.85581200,11869,17971995.00000000,5794415.22559500
1629696600000,0.32228000,0.32285000,0.31854000,0.31989000,42797915.00000000,1629698399999,13707060.97269400,14701,19410808.50000000,6213701.97672800
1629698400000,0.31988000,0.32090000,0.31730000,0.31757000,31606005.50000000,1629700199999,10091002.71639400,12866,15270621.60000000,4877509.99231000
1629700200000,0.31759000,0.32024000,0.31755000,0.31999000,26852646.80000000,1629701999999,8572292.44450700,10154,11057367.10000000,3529081.04718600
1629702000000,0.32000000,0.32035000,0.31724000,0.31763000,38440155.70000000,1629703799999,12262529.38037700,12810,14503628.60000000,4627245.98891700
1629703800000,0.31764000,0.31982000,0.31756000,0.31939000,24546157.60000000,1629705599999,7830352.52661200,9608,11822418.20000000,3771125.65282600
1629705600000,0.31940000,0.32278000,0.31856000,0.32208000,46195945.90000000,1629707399999,14823577.15127500,16435,26062829.30000000,8361586.68832000
1629707400000,0.32207000,0.32800000,0.32162000,0.32790000,78273968.10000000,1629709199999,25395974.42973300,32110,39861942.80000000,12939552.54454600
1629709200000,0.32789000,0.32800000,0.32470000,0.32546000,75808687.90000000,1629710999999,24731013.93407300,29861,32781958.90000000,10695853.80543900
1629711000000,0.32545000,0.32569000,0.32400000,0.32551000,36132378.30000000,1629712799999,11736675.52195300,13520,18172441.00000000,5903099.24981000
1629712800000,0.32551000,0.32630000,0.32100000,0.32427000,72160788.60000000,1629714599999,23350407.08054400,23693,28734042.40000000,9299983.99476200
1629714600000,0.32426000,0.32452000,0.32109000,0.32287000,42406699.30000000,1629716399999,13683238.42334400,12248,16230665.50000000,5235150.89846300
1629716400000,0.32287000,0.32365000,0.32200000,0.32260000,21381191.50000000,1629718199999,6900204.17010900,8093,10028800.10000000,3236733.83826400
1629718200000,0.32260000,0.32488000,0.32256000,0.32432000,22178573.80000000,1629719999999,7181490.19442400,8593,11145662.30000000,3608873.08754400
1629720000000,0.32436000,0.32622000,0.32217000,0.32463000,53253385.10000000,1629721799999,17272103.74461400,14899,26520520.30000000,8598847.01888000
1629721800000,0.32458000,0.32554000,0.32230000,0.32295000,24466940.60000000,1629723599999,7918725.58072000,9474,12154519.70000000,3935493.31534700
1629723600000,0.32296000,0.32321000,0.31847000,0.32034000,64080418.30000000,1629725399999,20548945.82722700,20514,28624958.70000000,9177454.56872400
1629725400000,0.32033000,0.32170000,0.31960000,0.32039000,31287855.80000000,1629727199999,10036595.76659400,12354,13219326.80000000,4240431.14079100
1629727200000,0.32040000,0.32290000,0.31978000,0.32105000,33428481.90000000,1629728999999,10750286.74952400,14188,15888159.50000000,5110894.99263400
1629729000000,0.32106000,0.32119000,0.31334000,0.31561000,87278090.90000000,1629730799999,27639044.12633700,38504,43097983.90000000,13647743.96337300
1629730800000,0.31560000,0.31938000,0.31411000,0.31753000,59195565.60000000,1629732599999,18780243.38871200,18487,29286207.50000000,9284381.32027800
1629732600000,0.31753000,0.31924000,0.31569000,0.31747000,38190815.10000000,1629734399999,12122081.57556600,14002,19611702.50000000,6226913.58717400
1629734400000,0.31754000,0.31976000,0.31615000,0.31901000,30159740.50000000,1629736199999,9583728.52458900,11666,15278673.60000000,4856576.93578800
1629736200000,0.31901000,0.31935000,0.31624000,0.31900000,24658039.70000000,1629737999999,7835897.75223900,10509,12555095.20000000,3989421.43167700
1629738000000,0.31903000,0.31932000,0.31704000,0.31736000,24715930.20000000,1629739799999,7862586.08838000,8805,10380804.20000000,3302359.37439700
1629739800000,0.31737000,0.31826000,0.31651000,0.31658000,13764824.00000000,1629741599999,4366744.02848200,6853,6421854.50000000,2037231.92336200
1629741600000,0.31658000,0.31750000,0.31570000,0.31750000,18867676.60000000,1629743399999,5971544.50469400,7977,9649688.20000000,3054459.54813200
1629743400000,0.31750000,0.31850000,0.31695000,0.31724000,18205304.60000000,1629745199999,5783615.96814100,7276,8461732.70000000,2688145.57579200
1629745200000,0.31725000,0.31726000,0.31375000,0.31510000,39085183.10000000,1629746999999,12314539.78771700,13410,15901522.10000000,5010325.87398900
1629747000000,0.31516000,0.31590000,0.31453000,0.31522000,12979186.30000000,1629748799999,4091885.79729100,5944,6356816.90000000,2003963.15344000
1629748800000,0.31521000,0.31745000,0.31310000,0.31714000,29456309.60000000,1629750599999,9271562.35806100,11572,14770116.60000000,4649932.54188600
1629750600000,0.31713000,0.31929000,0.31665000,0.31901000,19370032.40000000,1629752399999,6158150.97072900,8698,10236002.40000000,3253660.79005100
1629752400000,0.31904000,0.31995000,0.31700000,0.31717000,22693193.80000000,1629754199999,7226124.91943400,8841,10515079.20000000,3349098.53211100
1629754200000,0.31719000,0.32181000,0.31701000,0.31970000,27529810.30000000,1629755999999,8795674.44176000,12572,16777388.10000000,5361248.93221200
1629756000000,0.31967000,0.31967000,0.31778000,0.31852000,12181568.00000000,1629757799999,3881197.68441100,5864,5996546.00000000,1910560.23757000
1629757800000,0.31853000,0.31967000,0.31817000,0.31902000,13453893.20000000,1629759599999,4289197.92912300,5629,6783125.00000000,2162646.70756100
1629759600000,0.31904000,0.31966000,0.31800000,0.31914000,13793650.10000000,1629761399999,4395853.45954500,5448,6738846.00000000,2147643.01541900
1629761400000,0.31917000,0.31923000,0.31679000,0.31783000,15865306.30000000,1629763199999,5044020.42340700,5670,7077143.30000000,2249789.44506800
1629763200000,0.31775000,0.31968000,0.31732000,0.31760000,20061930.50000000,1629764999999,6390131.61866000,7431,10181818.00000000,3242952.64887900
1629765000000,0.31758000,0.31758000,0.31330000,0.31545000,49817594.40000000,1629766799999,15675690.41783500,16340,22458910.30000000,7068106.41346800
1629766800000,0.31540000,0.31579000,0.31090000,0.31308000,51448367.30000000,1629768599999,16090981.21457800,18695,23321119.50000000,7293577.80691500
1629768600000,0.31308000,0.31391000,0.31238000,0.31246000,14384259.60000000,1629770399999,4505887.84963700,5570,6926140.90000000,2169486.31521900
1629770400000,0.31246000,0.31467000,0.31184000,0.31433000,15439688.80000000,1629772199999,4838602.96187100,6240,7937581.30000000,2487507.20084400
1629772200000,0.31433000,0.31441000,0.31297000,0.31426000,15956254.30000000,1629773999999,5007053.76655100,5762,8952282.40000000,2809486.12041500
1629774000000,0.31426000,0.31497000,0.31322000,0.31350000,28204867.80000000,1629775799999,8855621.00377900,8153,17951393.70000000,5635676.90873300
1629775800000,0.31350000,0.31397000,0.31200000,0.31250000,41179483.40000000,1629777599999,12887425.21106000,11983,28261775.60000000,8845004.08669500
1629777600000,0.31251000,0.31327000,0.31113000,0.31192000,37752880.00000000,1629779399999,11779811.37974400,13797,24075386.40000000,7513042.76172300
1629779400000,0.31192000,0.31496000,0.31185000,0.31479000,22128586.30000000,1629781199999,6943380.46632400,7270,11567534.60000000,3629168.59512700
1629781200000,0.31478000,0.31578000,0.31408000,0.31416000,20657378.80000000,1629782999999,6509346.58255200,6641,11127236.20000000,3505695.40650600
1629783000000,0.31418000,0.31546000,0.31378000,0.31478000,11530020.60000000,1629784799999,3628002.08899600,5161,5177520.00000000,1629213.61889100
1629784800000,0.31476000,0.31519000,0.31387000,0.31476000,16585730.30000000,1629786599999,5215226.08012700,5755,8662189.60000000,2723779.27936700
1629786600000,0.31476000,0.31652000,0.31456000,0.31610000,18623412.20000000,1629788399999,5883077.10852700,6952,10091339.80000000,3187752.50610700
1629788400000,0.31609000,0.31727000,0.31600000,0.31675000,18557425.60000000,1629790199999,5876441.27684100,7094,9610808.80000000,3043642.79852400
1629790200000,0.31677000,0.31689000,0.31525000,0.31592000,15757221.20000000,1629791999999,4979293.31902500,6005,7716953.30000000,2438235.55563400
1629792000000,0.31592000,0.31662000,0.31457000,0.31474000,24422749.80000000,1629793799999,7709427.93551800,7297,13335148.00000000,4210237.48766600
1629793800000,0.31474000,0.31585000,0.31451000,0.31465000,16462824.30000000,1629795599999,5189110.55875600,6008,8510845.40000000,2682564.08719100
1629795600000,0.31464000,0.31571000,0.31327000,0.31378000,24779282.20000000,1629797399999,7793606.28714700,8879,13095619.30000000,4117936.41187200
1629797400000,0.31377000,0.31496000,0.31357000,0.31380000,15217647.00000000,1629799199999,4781731.78253000,6372,7424110.00000000,2332926.12055200
1629799200000,0.31380000,0.31544000,0.31370000,0.31387000,17151683.60000000,1629800999999,5394071.32927900,6913,8773283.00000000,2758947.09349300
1629801000000,0.31388000,0.31417000,0.31107000,0.31153000,46227784.70000000,1629802799999,14429258.53768400,12812,22121004.70000000,6903270.04982500
1629802800000,0.31153000,0.31215000,0.30789000,0.31119000,70810213.20000000,1629804599999,21959226.47277500,24598,33592248.80000000,10420003.84995600
1629804600000,0.31119000,0.31333000,0.31086000,0.31277000,19317451.90000000,1629806399999,6030379.17453600,7579,10673468.80000000,3332805.83203000
1629806400000,0.31276000,0.31292000,0.30980000,0.31003000,31049184.10000000,1629808199999,9659589.27693800,10208,18720669.90000000,5823596.45922100
1629808200000,0.31003000,0.31043000,0.30853000,0.31029000,44147725.20000000,1629809999999,13663980.52307400,16501,28579128.80000000,8845322.28745800
1629810000000,0.31027000,0.31051000,0.30000000,0.30150000,96247471.30000000,1629811799999,29349360.34346000,38969,39962193.80000000,12196712.59562200
1629811800000,0.30151000,0.30248000,0.29559000,0.30186000,199359201.20000000,1629813599999,59727441.61992400,58461,100917674.00000000,30252932.44151400
1629813600000,0.30186000,0.30186000,0.29222000,0.29925000,128741110.50000000,1629815399999,38312777.79033000,39049,69243778.20000000,20627490.68800300
1629815400000,0.29938000,0.30114000,0.29843000,0.29884000,64653096.00000000,1629817199999,19397106.28080500,22232,38120710.10000000,11436585.83646600
1629817200000,0.29884000,0.30058000,0.29500000,0.29819000,109074961.90000000,1629818999999,32418805.45755800,31628,54895665.10000000,16328621.36592200
1629819000000,0.29819000,0.29826000,0.29010000,0.29309000,90608170.80000000,1629820799999,26689334.56804100,28824,46478206.80000000,13702908.80229600
1629820800000,0.29310000,0.29450000,0.27433000,0.28657000,354071518.00000000,1629822599999,100887646.07072000,111569,173564937.30000000,49476630.01536400
1629822600000,0.28654000,0.29038000,0.28537000,0.28801000,111295916.80000000,1629824399999,32068022.24482400,36118,56004778.80000000,16144763.30230300
1629824400000,0.28804000,0.29427000,0.28685000,0.29274000,78228521.50000000,1629826199999,22810900.96671200,27216,45842397.60000000,13368653.74140800
1629826200000,0.29274000,0.29274000,0.28882000,0.28917000,31313112.50000000,1629827999999,9093589.97856200,13074,14694230.20000000,4266277.66491400
1629828000000,0.28916000,0.29216000,0.28850000,0.29016000,28631653.20000000,1629829799999,8315783.00663000,11478,15041173.40000000,4369544.04949500
1629829800000,0.29019000,0.29245000,0.28790000,0.29214000,36446396.30000000,1629831599999,10559412.25864000,13565,16457049.00000000,4769343.66708100
1629831600000,0.29218000,0.29547000,0.29107000,0.29147000,40933049.40000000,1629833399999,12026356.42126700,14809,20154465.30000000,5922357.12015200
1629833400000,0.29152000,0.29681000,0.29081000,0.29580000,47874927.10000000,1629835199999,14083104.75005600,15951,25069887.90000000,7376521.53287600
1629835200000,0.29580000,0.29842000,0.29442000,0.29827000,30672513.90000000,1629836999999,9099948.95157400,13370,15973382.00000000,4740046.92765400
1629837000000,0.29827000,0.29922000,0.29757000,0.29882000,31550951.10000000,1629838799999,9413772.17943600,11363,14114347.50000000,4211458.60700200
1629838800000,0.29881000,0.30008000,0.29564000,0.29641000,26277125.30000000,1629840599999,7831404.25986500,12011,13041769.60000000,3889294.48397600
1629840600000,0.29642000,0.29642000,0.29200000,0.29425000,19218765.40000000,1629842399999,5653573.09783800,10221,8521453.60000000,2506590.03405900
1629842400000,0.29425000,0.29737000,0.29307000,0.29688000,17769788.30000000,1629844199999,5256357.12284900,8117,9498659.30000000,2810115.53577100
1629844200000,0.29688000,0.29723000,0.29469000,0.29687000,15945492.50000000,1629845999999,4720376.92709500,7719,7138479.20000000,2112476.90512600
1629846000000,0.29688000,0.29732000,0.29204000,0.29230000,25367685.50000000,1629847799999,7474851.01161100,9406,11760515.00000000,3465613.92081700
1629847800000,0.29229000,0.29322000,0.28815000,0.28864000,44427578.20000000,1629849599999,12900159.43653000,15556,21490545.40000000,6240798.37195900
1629849600000,0.28862000,0.29357000,0.28801000,0.28990000,41746535.70000000,1629851399999,12135699.86490200,14793,22355288.00000000,6494197.54608600
1629851400000,0.28990000,0.29400000,0.28990000,0.29337000,26142623.50000000,1629853199999,7650099.98559400,10083,14021939.70000000,4103300.20617900
1629853200000,0.29337000,0.29338000,0.28913000,0.29002000,42532643.10000000,1629854999999,12351628.67502500,13410,25143211.80000000,7299871.13939700
1629855000000,0.29001000,0.29316000,0.28935000,0.29310000,22335892.90000000,1629856799999,6503022.42754100,7737,11116277.10000000,3236843.29255200
1629856800000,0.29304000,0.29413000,0.29153000,0.29217000,20981889.90000000,1629858599999,6143873.35138300,7891,10682484.50000000,3128256.29247100
1629858600000,0.29218000,0.29522000,0.29183000,0.29416000,20270678.90000000,1629860399999,5955305.14799000,8631,10857640.60000000,3189944.54315900
1629860400000,0.29416000,0.29453000,0.29190000,0.29263000,22000234.60000000,1629862199999,6445856.40558300,7716,9391153.70000000,2752068.09826800
1629862200000,0.29266000,0.29312000,0.28848000,0.28944000,33283288.50000000,1629863999999,9680698.26614300,10072,16013106.60000000,4661701.77995300
1629864000000,0.28942000,0.29188000,0.28884000,0.28926000,29326738.90000000,1629865799999,8518841.18023000,9266,14159013.70000000,4113673.63104600
1629865800000,0.28926000,0.29087000,0.28855000,0.28990000,21606997.40000000,1629867599999,6260628.31005500,7514,10228046.60000000,2963949.91503900
1629867600000,0.28981000,0.29217000,0.28981000,0.29178000,19885589.50000000,1629869399999,5793658.56186300,6383,10023969.00000000,2920051.21553100
1629869400000,0.29180000,0.29571000,0.29166000,0.29555000,28398736.10000000,1629871199999,8333688.92050600,9671,14678917.30000000,4308769.03828300
1629871200000,0.29555000,0.29699000,0.29328000,0.29417000,27877688.90000000,1629872999999,8230609.55186600,10361,13359174.60000000,3944780.54971900
1629873000000,0.29417000,0.29523000,0.29316000,0.29340000,17546237.30000000,1629874799999,5162388.84972500,6709,9178622.80000000,2700204.86235700
1629874800000,0.29339000,0.29789000,0.29339000,0.29408000,32536977.30000000,1629876599999,9606882.92987900,9934,18430940.30000000,5443269.50359300
1629876600000,0.29412000,0.29439000,0.29115000,0.29174000,26449689.70000000,1629878399999,7730127.22822600,8612,13367042.30000000,3905995.24349900
1629878400000,0.29173000,0.29227000,0.28921000,0.28960000,36427048.30000000,1629880199999,10579862.51184700,10857,17659628.80000000,5129617.43293900
1629880200000,0.28960000,0.29010000,0.28085000,0.28128000,88169574.30000000,1629881999999,25141020.39796100,28212,38929960.40000000,11103529.29808800
1629882000000,0.28129000,0.28561000,0.28041000,0.28267000,62113343.70000000,1629883799999,17601695.31617300,17989,29937053.60000000,8482995.48710300
1629883800000,0.28267000,0.28388000,0.27948000,0.27999000,73460275.70000000,1629885599999,20658522.38744500,21133,37247852.20000000,10477242.30320500
1629885600000,0.28000000,0.28364000,0.27953000,0.28284000,40526967.10000000,1629887399999,11421613.57292900,12887,21458439.40000000,6045736.23571900
1629887400000,0.28287000,0.28540000,0.28243000,0.28431000,26683182.50000000,1629889199999,7582506.38673500,9740,12779554.00000000,3631019.77374000
1629889200000,0.28431000,0.28459000,0.28189000,0.28340000,26510883.00000000,1629890999999,7506272.85538200,8917,13023171.50000000,3685509.20306900
1629891000000,0.28340000,0.28711000,0.28340000,0.28634000,26169865.50000000,1629892799999,7468255.09401200,9648,13257219.70000000,3782592.49883700
1629892800000,0.28634000,0.28749000,0.28420000,0.28598000,30256461.80000000,1629894599999,8654134.37307600,10809,12125833.10000000,3468392.04817500
1629894600000,0.28600000,0.28817000,0.28493000,0.28750000,21363997.40000000,1629896399999,6126619.72522300,8524,10925223.60000000,3132683.97375200
1629896400000,0.28752000,0.29000000,0.28623000,0.28786000,37727769.80000000,1629898199999,10879662.90561600,13388,19646792.40000000,5666593.59715200
1629898200000,0.28786000,0.28818000,0.28259000,0.28347000,59059415.20000000,1629899999999,16852241.98403900,17489,27472018.50000000,7835595.21344700
1629900000000,0.28348000,0.28698000,0.27980000,0.28589000,82400549.10000000,1629901799999,23282225.68483000,24755,45254267.30000000,12793287.59601400
1629901800000,0.28589000,0.29076000,0.28541000,0.29020000,54587480.90000000,1629903599999,15773739.89111500,19454,26053323.10000000,7528703.18811800
1629903600000,0.29024000,0.29082000,0.28881000,0.28927000,42069371.00000000,1629905399999,12183926.95312800,13900,17551671.60000000,5084284.75603700
1629905400000,0.28928000,0.29339000,0.28771000,0.29276000,72288682.70000000,1629907199999,20985560.19707900,21060,34988373.40000000,10162643.34984300
1629907200000,0.29277000,0.29533000,0.29125000,0.29386000,40891788.50000000,1629908999999,11984824.88234000,17553,20842453.20000000,6109823.09683500
1629909000000,0.29389000,0.29483000,0.29110000,0.29320000,38850681.90000000,1629910799999,11386974.19310900,12544,20355345.80000000,5967779.80168500
1629910800000,0.29321000,0.29334000,0.28968000,0.29158000,40738589.30000000,1629912599999,11854855.08804400,13895,17126366.00000000,4986166.13951000
1629912600000,0.29162000,0.29448000,0.29150000,0.29280000,36730207.70000000,1629914399999,10780190.93140500,12915,20659471.40000000,6063476.31131400
1629914400000,0.29281000,0.29358000,0.29072000,0.29230000,28208275.50000000,1629916199999,8245566.85676300,9880,12129887.40000000,3546552.20555000
1629916200000,0.29231000,0.29409000,0.29231000,0.29285000,20278702.10000000,1629917999999,5950277.29623400,8460,9491654.00000000,2784959.65372400
1629918000000,0.29285000,0.29397000,0.29150000,0.29255000,22266185.20000000,1629919799999,6523488.48336600,8413,10914746.90000000,3197482.58784800
1629919800000,0.29250000,0.29309000,0.28848000,0.28889000,29623937.20000000,1629921599999,8608363.13462500,11115,14124188.50000000,4105848.82223900
1629921600000,0.28894000,0.29292000,0.28894000,0.29195000,24101701.80000000,1629923399999,7020418.64687800,9197,12706798.00000000,3702189.15267400
1629923400000,0.29192000,0.29218000,0.28674000,0.28872000,42303587.10000000,1629925199999,12239300.64674600,13209,21983975.00000000,6360875.10824500
1629925200000,0.28871000,0.29098000,0.28829000,0.28963000,23067537.70000000,1629926999999,6686445.55363900,7596,8554601.00000000,2479415.38524200
1629927000000,0.28964000,0.29311000,0.28917000,0.29250000,18001867.50000000,1629928799999,5231202.54687700,7670,9426798.90000000,2739716.96866100
1629928800000,0.29245000,0.29350000,0.28896000,0.28939000,32664961.50000000,1629930599999,9514577.53936800,10456,17779594.60000000,5178887.45179100
1629930600000,0.28942000,0.29138000,0.28928000,0.29090000,15922951.70000000,1629932399999,4623243.08793600,6371,8199539.70000000,2380473.50958300
1629932400000,0.29091000,0.29326000,0.28986000,0.29303000,13262982.40000000,1629934199999,3869524.00754400,6039,6474459.90000000,1889164.03055200
1629934200000,0.29302000,0.29370000,0.29191000,0.29255000,19090881.50000000,1629935999999,5590533.64027000,6578,8859303.00000000,2594328.49768000
1629936000000,0.29254000,0.29379000,0.28989000,0.29215000,30587489.90000000,1629937799999,8923698.69171100,11634,15958827.10000000,4657349.67396500
1629937800000,0.29211000,0.29645000,0.29121000,0.29525000,35207476.40000000,1629939599999,10354270.06871500,14612,20639712.70000000,6071397.43178900
1629939600000,0.29525000,0.29568000,0.29242000,0.29315000,20305742.20000000,1629941399999,5960654.48771200,8235,10136478.90000000,2975760.01752800
1629941400000,0.29310000,0.29317000,0.28915000,0.28941000,26355403.50000000,1629943199999,7663564.74343000,8708,11903492.50000000,3463726.14217900
1629943200000,0.28941000,0.29085000,0.28905000,0.28982000,23608180.10000000,1629944999999,6847263.55651400,6873,15093022.50000000,4377537.96954600
1629945000000,0.28982000,0.28984000,0.28831000,0.28880000,14884596.60000000,1629946799999,4302197.18861500,5698,6817440.10000000,1970413.66293400
1629946800000,0.28875000,0.28891000,0.28211000,0.28251000,57875634.10000000,1629948599999,16490411.02053800,17571,26360067.70000000,7508746.63224200
1629948600000,0.28254000,0.28380000,0.28075000,0.28186000,38952602.60000000,1629950399999,10989659.32494300,12828,18614109.90000000,5252086.17182600
1629950400000,0.28185000,0.28438000,0.28061000,0.28384000,31311771.80000000,1629952199999,8844631.74893100,9144,15358847.10000000,4340614.71799500
1629952200000,0.28383000,0.28429000,0.28194000,0.28423000,20343174.30000000,1629953999999,5758653.68057800,7199,9241973.00000000,2616136.43113800
1629954000000,0.28417000,0.28528000,0.28030000,0.28075000,27852475.10000000,1629955799999,7881978.56571000,8611,13276722.90000000,3760716.24458000
1629955800000,0.28074000,0.28173000,0.27800000,0.27955000,74498632.30000000,1629957599999,20836234.67204900,19561,37568811.60000000,10510187.52923200
1629957600000,0.27952000,0.28075000,0.27531000,0.27710000,25262992.40000000,1629959399999,7035462.61749000,9348,10516703.30000000,2930847.88347600
1629959400000,0.27680000,0.27840000,0.27260000,0.27460000,41748520.80000000,1629961199999,11501364.17172600,13793,20670519.50000000,5697843.90757700
1629961200000,0.27450000,0.27600000,0.27070000,0.27550000,43939131.90000000,1629962999999,11995680.13398600,13869,21541476.00000000,5884506.71815900
1629963000000,0.27540000,0.27730000,0.27450000,0.27560000,22758797.20000000,1629964799999,6282384.56300000,8569,11556347.20000000,3190736.05200000
1629964800000,0.27560000,0.27750000,0.27370000,0.27540000,28044138.00000000,1629966599999,7732423.50260000,9419,14590525.00000000,4023001.13380000
1629966600000,0.27540000,0.27700000,0.27330000,0.27550000,21776454.00000000,1629968399999,5989932.49870000,8063,10276888.00000000,2827909.31900000
1629968400000,0.27560000,0.27710000,0.27430000,0.27620000,17355779.00000000,1629970199999,4781300.60970000,5960,7588035.00000000,2091013.71460000
1629970200000,0.27610000,0.27660000,0.27280000,0.27330000,21288522.00000000,1629971999999,5856092.15460000,6370,8728360.00000000,2402070.41360000
1629972000000,0.27330000,0.27520000,0.27000000,0.27420000,48685191.70000000,1629973799999,13270344.82435400,12431,19360429.30000000,5284757.92533300
1629973800000,0.27420000,0.27650000,0.27400000,0.27540000,21308517.50000000,1629975599999,5865710.33300000,6555,11291263.50000000,3109450.94310000
1629975600000,0.27550000,0.27730000,0.27400000,0.27700000,18997953.00000000,1629977399999,5248356.65620000,6150,9438773.00000000,2608030.25120000
1629977400000,0.27700000,0.27700000,0.27390000,0.27400000,19879008.00000000,1629979199999,5475448.19280000,5920,9471560.00000000,2608178.00230000
1629979200000,0.27410000,0.27670000,0.26809000,0.27660000,93234015.50000000,1629980999999,25320775.36425900,21558,42459107.90000000,11543901.96514900
1629981000000,0.27640000,0.27650000,0.27150000,0.27270000,26519312.00000000,1629982799999,7253698.43510000,8255,12423133.00000000,3397497.09810000
1629982800000,0.27280000,0.27520000,0.27260000,0.27360000,22259552.00000000,1629984599999,6098070.76070000,7086,10425266.00000000,2856644.83250000
1629984600000,0.27370000,0.27520000,0.27170000,0.27520000,17899096.00000000,1629986399999,4897241.24690000,6198,9009516.00000000,2466010.07080000
1629986400000,0.27510000,0.27940000,0.27490000,0.27580000,31541370.00000000,1629988199999,8746413.24750000,11041,16986320.00000000,4709727.14900000
1629988200000,0.27570000,0.27650000,0.27270000,0.27280000,26930863.00000000,1629989999999,7394098.00500000,7569,12143769.00000000,3334554.32040000
1629990000000,0.27280000,0.27520000,0.27210000,0.27320000,25280988.00000000,1629991799999,6915271.04880000,7305,12618606.00000000,3452120.69650000
1629991800000,0.27320000,0.27330000,0.26940000,0.27020000,34261159.00000000,1629993599999,9284266.87050000,9947,15306693.00000000,4148980.08010000
1629993600000,0.27020000,0.27260000,0.26410000,0.26710000,78617797.20000000,1629995399999,21036598.78404800,22583,34043567.90000000,9114592.92060000
1629995400000,0.26710000,0.27080000,0.26520000,0.26920000,34000800.00000000,1629997199999,9138272.52520000,9738,15920137.00000000,4279903.18590000
1629997200000,0.26920000,0.27200000,0.26900000,0.27060000,20473450.00000000,1629998999999,5547759.64947500,6225,11404121.00000000,3090343.37337500
1629999000000,0.27070000,0.27130000,0.26940000,0.27040000,19339668.00000000,1630000799999,5227709.78330000,5252,6760020.00000000,1827746.20180000
1630000800000,0.27040000,0.27130000,0.26580000,0.26650000,36399084.00000000,1630002599999,9744801.09390000,9256,16702051.00000000,4472698.68560000
1630002600000,0.26650000,0.27070000,0.26640000,0.26960000,18735822.00000000,1630004399999,5041550.53350000,6278,9783898.00000000,2632267.73580000
1630004400000,0.26960000,0.27010000,0.26620000,0.26650000,17485578.00000000,1630006199999,4679304.25300000,5256,8319714.00000000,2226890.01410000
1630006200000,0.26650000,0.27020000,0.26640000,0.26880000,19111762.00000000,1630007999999,5128516.34450000,5354,10654125.00000000,2858524.92530000
1630008000000,0.26890000,0.27070000,0.26820000,0.26940000,18459801.00000000,1630009799999,4982182.63020000,5157,9904331.00000000,2673620.14400000
1630009800000,0.26950000,0.27150000,0.26920000,0.27150000,17163327.00000000,1630011599999,4637844.36130000,4771,9124854.00000000,2465599.04500000
1630011600000,0.27140000,0.27370000,0.27130000,0.27280000,17562654.00000000,1630013399999,4790555.08630000,6200,9065595.00000000,2472952.69070000
1630013400000,0.27270000,0.27460000,0.27260000,0.27360000,7689294.00000000,1630015199999,2103658.50660000,3778,3745141.00000000,1024655.33380000
1630015200000,0.27360000,0.27420000,0.27180000,0.27340000,18286014.00000000,1630016999999,4986341.05640000,4652,8702136.00000000,2373122.63720000
1630017000000,0.27330000,0.27490000,0.27190000,0.27260000,20073596.00000000,1630018799999,5491772.69100000,4950,9918952.00000000,2714013.09690000
1630018800000,0.27260000,0.27400000,0.27090000,0.27350000,18242068.00000000,1630020599999,4963351.02650000,4420,9386189.00000000,2554777.14550000
1630020600000,0.27340000,0.27510000,0.26790000,0.26840000,28809577.00000000,1630022399999,7834659.62400000,7356,13749099.00000000,3741282.70670000
1630022400000,0.26840000,0.27140000,0.26500000,0.26780000,66480022.00000000,1630024199999,17809918.00500000,14406,32003110.00000000,8577539.42800000
1630024200000,0.26760000,0.27210000,0.26540000,0.27160000,30449455.00000000,1630025999999,8168018.61610000,7453,15226318.00000000,4085344.06740000
1630026000000,0.27160000,0.27420000,0.27160000,0.27350000,31289841.00000000,1630027799999,8541848.05920000,7651,15486610.00000000,4228175.18620000
1630027800000,0.27350000,0.27510000,0.27140000,0.27210000,25241650.00000000,1630029599999,6899642.80520000,6288,12461583.00000000,3408753.15060000
1630029600000,0.27210000,0.27330000,0.27130000,0.27320000,17282782.00000000,1630031399999,4707370.49390000,4855,8765956.00000000,2387527.98510000
1630031400000,0.27310000,0.27340000,0.27090000,0.27110000,11792103.00000000,1630033199999,3210142.27770000,3469,5765127.00000000,1569672.24350000
1630033200000,0.27100000,0.27160000,0.26770000,0.26780000,24197835.00000000,1630034999999,6519187.25840000,5925,12706373.00000000,3424208.92260000
1630035000000,0.26780000,0.26980000,0.26760000,0.26910000,17210281.00000000,1630036799999,4625212.00360000,4739,9415202.00000000,2530744.71130000
1630036800000,0.26910000,0.26980000,0.26620000,0.26700000,19152882.00000000,1630038599999,5125627.94660000,5575,8698155.00000000,2327679.74570000
1630038600000,0.26700000,0.26980000,0.26590000,0.26900000,24386484.00000000,1630040399999,6533672.17950000,6700,12734733.00000000,3412289.16630000
1630040400000,0.26910000,0.27150000,0.26850000,0.27050000,18645554.00000000,1630042199999,5033202.49400000,5153,9729156.00000000,2626132.54700000
1630042200000,0.27040000,0.27210000,0.26990000,0.27090000,16169852.00000000,1630043999999,4379256.80380000,5293,8283053.00000000,2243749.27650000
1630044000000,0.27090000,0.27200000,0.27030000,0.27160000,16422385.00000000,1630045799999,4454729.10110000,5262,8161955.00000000,2214024.35610000
1630045800000,0.27160000,0.27200000,0.27010000,0.27130000,12698357.00000000,1630047599999,3443408.74710000,3945,6905931.00000000,1873057.03900000
1630047600000,0.27140000,0.27340000,0.26900000,0.27250000,31826295.00000000,1630049399999,8645251.25380000,8999,15546866.00000000,4223631.44740000
1630049400000,0.27250000,0.27420000,0.27170000,0.27390000,21990921.00000000,1630051199999,6002920.21600000,6144,11147236.00000000,3043619.46420000
1630051200000,0.27380000,0.27530000,0.27280000,0.27360000,23546150.00000000,1630052999999,6455119.99570000,7264,12066608.00000000,3308611.58910000
1630053000000,0.27370000,0.27510000,0.27200000,0.27260000,18663960.00000000,1630054799999,5107967.07350000,5511,8390411.00000000,2297170.78330000
1630054800000,0.27260000,0.27410000,0.27160000,0.27250000,24575304.00000000,1630056599999,6697847.09040000,6123,12330420.00000000,3361340.90730000
1630056600000,0.27260000,0.27450000,0.27180000,0.27320000,14482348.00000000,1630058399999,3956280.71450000,4235,7233648.00000000,1976343.37750000
1630058400000,0.27330000,0.27540000,0.27300000,0.27440000,17980227.00000000,1630060199999,4933150.48400000,4820,8909439.00000000,2444613.69140000
1630060200000,0.27440000,0.27660000,0.27440000,0.27610000,24983212.00000000,1630061999999,6886628.51996800,7637,14725926.00000000,4059093.92256800
1630062000000,0.27610000,0.28020000,0.27560000,0.27890000,37548116.00000000,1630063799999,10438863.64458600,12526,21369788.60000000,5940307.69808600
1630063800000,0.27890000,0.28140000,0.27740000,0.27740000,51017893.90000000,1630065599999,14266019.37103500,13425,26499865.90000000,7415273.58573500
1630065600000,0.27740000,0.27880000,0.27560000,0.27690000,45062188.00000000,1630067399999,12500116.82680000,9874,18560911.00000000,5153671.88590000
1630067400000,0.27690000,0.27820000,0.27500000,0.27710000,31834596.00000000,1630069199999,8809877.39490000,7928,14239943.00000000,3943392.24660000
1630069200000,0.27710000,0.27730000,0.27410000,0.27550000,21095054.00000000,1630070999999,5805797.40030000,6406,9344175.00000000,2571407.18590000
1630071000000,0.27540000,0.27720000,0.27490000,0.27640000,16983183.00000000,1630072799999,4688886.88030000,5554,9130003.00000000,2521407.45340000
1630072800000,0.27650000,0.28560000,0.27570000,0.28450000,87809258.30000000,1630074599999,24778401.90569800,25710,47542735.40000000,13415069.19484800
1630074600000,0.28450000,0.28680000,0.28250000,0.28390000,67241450.20000000,1630076399999,19148322.79217100,17433,33705734.20000000,9603353.75097100
1630076400000,0.28390000,0.28800000,0.28390000,0.28510000,46497825.50000000,1630078199999,13298085.36442800,14632,21338914.00000000,6104075.53102800
1630078200000,0.28510000,0.28540000,0.28330000,0.28470000,28540035.00000000,1630079999999,8112625.29490000,8671,14428466.00000000,4101903.87370000
1630080000000,0.28480000,0.28600000,0.28190000,0.28280000,24514470.00000000,1630081799999,6957970.82030000,8367,12179014.00000000,3458100.99770000
1630081800000,0.28280000,0.28480000,0.28270000,0.28380000,15477452.00000000,1630083599999,4394359.94130000,5500,8712604.00000000,2473638.32900000
1630083600000,0.28390000,0.28540000,0.28320000,0.28410000,22903702.00000000,1630085399999,6506681.66930000,6706,12020414.00000000,3415056.65430000
1630085400000,0.28400000,0.28440000,0.28240000,0.28390000,24160377.00000000,1630087199999,6853450.82640000,6672,13242321.00000000,3758257.85510000
1630087200000,0.28380000,0.28400000,0.28300000,0.28390000,6895547.00000000,1630088999999,1955695.18180000,3473,3469218.00000000,984111.24470000
1630089000000,0.28390000,0.28600000,0.28360000,0.28510000,16062810.00000000,1630090799999,4571691.20200000,5264,10070298.00000000,2865212.84920000
1630090800000,0.28520000,0.28550000,0.28360000,0.28370000,13970709.00000000,1630092599999,3974504.78260000,4521,6428444.00000000,1829549.69150000
1630092600000,0.28370000,0.28520000,0.28330000,0.28470000,14388004.00000000,1630094399999,4090287.78550000,3872,6710608.00000000,1907406.75590000
1630094400000,0.28460000,0.28720000,0.28200000,0.28710000,31053680.00000000,1630096199999,8831148.78970000,7375,18031492.00000000,5130364.74180000
1630096200000,0.28700000,0.28980000,0.28680000,0.28960000,37707558.80000000,1630097999999,10876553.90293600,13256,20779349.50000000,5994329.45655600
1630098000000,0.28960000,0.29090000,0.28820000,0.29080000,22715705.10000000,1630099799999,6579200.20423400,8611,13200546.10000000,3824709.22923400
1630099800000,0.29080000,0.29510000,0.28970000,0.29330000,49976706.90000000,1630101599999,14633461.90607500,20459,28978551.90000000,8491362.12687500
1630101600000,0.29330000,0.29370000,0.28940000,0.29090000,48694623.00000000,1630103399999,14178077.09590000,10680,21827939.00000000,6356304.24490000
1630103400000,0.29100000,0.29300000,0.29080000,0.29220000,21429065.00000000,1630105199999,6256518.48140000,5223,11424015.00000000,3335843.04470000
1630105200000,0.29220000,0.29440000,0.29220000,0.29360000,23429236.00000000,1630106999999,6874163.39400000,6016,12799231.00000000,3755975.43640000
1630107000000,0.29360000,0.29470000,0.29270000,0.29440000,28590606.00000000,1630108799999,8399227.10760000,6239,15037241.00000000,4419071.97610000
1630108800000,0.29440000,0.29740000,0.29100000,0.29580000,48224977.90000000,1630110599999,14209030.37734900,20920,25373654.40000000,7480907.17179900
1630110600000,0.29590000,0.29950000,0.29560000,0.29660000,49727081.20000000,1630112399999,14808050.15167300,19457,25698946.20000000,7652249.10557300
1630112400000,0.29670000,0.29760000,0.29420000,0.29440000,29333107.00000000,1630114199999,8661009.75460000,7637,14322290.00000000,4228794.57830000
1630114200000,0.29440000,0.29610000,0.29420000,0.29600000,13585041.00000000,1630115999999,4009328.25240000,4444,6610513.00000000,1951252.13890000
1630116000000,0.29590000,0.29650000,0.29390000,0.29400000,19398415.00000000,1630117799999,5722065.08080000,5584,9966063.00000000,2939915.85940000
1630117800000,0.29410000,0.29410000,0.29030000,0.29240000,25025497.00000000,1630119599999,7312180.23410000,8895,10023139.00000000,2927498.57570000
1630119600000,0.29240000,0.29360000,0.29160000,0.29200000,9524321.00000000,1630121399999,2784543.14640000,3409,4643830.00000000,1358089.18560000
1630121400000,0.29200000,0.29320000,0.29040000,0.29060000,21572666.00000000,1630123199999,6283705.20350000,5389,11983105.00000000,3490023.92990000
1630123200000,0.29070000,0.29370000,0.29050000,0.29280000,17668015.00000000,1630124999999,5166860.66350000,4668,8852469.00000000,2588595.15910000
1630125000000,0.29280000,0.29300000,0.29170000,0.29260000,12282260.00000000,1630126799999,3589460.27940000,3659,5625859.00000000,1644021.82220000
1630126800000,0.29260000,0.29270000,0.29120000,0.29180000,10748900.00000000,1630128599999,3137403.86920000,3459,4609396.00000000,1345651.61440000
1630128600000,0.29180000,0.29220000,0.28750000,0.28940000,32362228.00000000,1630130399999,9371664.13140000,9791,12097441.00000000,3505457.04960000
1630130400000,0.28940000,0.29080000,0.28650000,0.29070000,30035470.00000000,1630132199999,8653829.29280000,9093,12428576.00000000,3584004.32660000
1630132200000,0.29060000,0.29080000,0.28880000,0.28990000,17538244.00000000,1630133999999,5081760.92380000,4952,10308333.00000000,2987100.26490000
1630134000000,0.28990000,0.28990000,0.28760000,0.28850000,15055867.00000000,1630135799999,4342198.57190000,4393,5232455.00000000,1509659.43200000
1630135800000,0.28840000,0.28870000,0.28700000,0.28840000,11191305.00000000,1630137599999,3220566.20820000,4051,5792424.00000000,1667147.91070000
1630137600000,0.28840000,0.29000000,0.28780000,0.28970000,10775761.00000000,1630139399999,3115660.75910000,4182,6040865.00000000,1747182.50990000
1630139400000,0.28970000,0.29030000,0.28830000,0.28850000,6945744.00000000,1630141199999,2007640.19510000,3441,3492482.00000000,1009537.83420000
1630141200000,0.28850000,0.28960000,0.28810000,0.28930000,10295493.00000000,1630142999999,2974521.55230000,3451,5103613.00000000,1474992.03440000
1630143000000,0.28930000,0.29110000,0.28860000,0.28950000,11564692.00000000,1630144799999,3354121.95170000,4719,6330253.00000000,1836064.61660000
1630144800000,0.28950000,0.28950000,0.28820000,0.28890000,11986808.00000000,1630146599999,3460140.95690000,4332,6658965.00000000,1922285.10790000
1630146600000,0.28900000,0.28920000,0.28750000,0.28760000,9802565.00000000,1630148399999,2826354.82460000,4093,5154371.00000000,1486096.49430000
1630148400000,0.28770000,0.28830000,0.28630000,0.28670000,14028955.00000000,1630150199999,4030581.00740000,5101,6129649.00000000,1761555.33210000
1630150200000,0.28670000,0.28760000,0.28420000,0.28530000,25578636.00000000,1630151999999,7311365.31820000,9415,9508700.00000000,2718546.06270000
1630152000000,0.28530000,0.28800000,0.28480000,0.28680000,18830641.00000000,1630153799999,5395482.54380000,5881,9313681.00000000,2667461.62290000
1630153800000,0.28680000,0.29020000,0.28620000,0.28950000,26447827.00000000,1630155599999,7630660.38630000,7165,14585669.00000000,4208911.65310000
1630155600000,0.28950000,0.28990000,0.28670000,0.28680000,13181942.00000000,1630157399999,3797402.75580000,4888,5813752.00000000,1675735.47800000
1630157400000,0.28690000,0.28840000,0.28640000,0.28740000,14200077.00000000,1630159199999,4082361.53040000,5040,5656921.00000000,1626779.48210000
1630159200000,0.28730000,0.28740000,0.28420000,0.28530000,25945830.00000000,1630160999999,7404104.81740000,7919,11226812.00000000,3204611.59510000
1630161000000,0.28530000,0.28570000,0.28330000,0.28540000,27380166.00000000,1630162799999,7786812.54340000,8929,11996606.00000000,3411793.52130000
1630162800000,0.28540000,0.28590000,0.28350000,0.28390000,11813014.00000000,1630164599999,3360251.98160000,4906,5472495.00000000,1556609.71420000
1630164600000,0.28390000,0.28580000,0.28330000,0.28580000,19014550.00000000,1630166399999,5407277.96900000,5411,8896901.00000000,2531090.06660000
1630166400000,0.28580000,0.28770000,0.28500000,0.28740000,20247446.00000000,1630168199999,5800710.60620000,6359,11513297.00000000,3299288.16600000
1630168200000,0.28750000,0.28870000,0.28630000,0.28640000,17328542.00000000,1630169999999,4979361.83280000,5485,9146135.00000000,2628617.75180000
1630170000000,0.28640000,0.28700000,0.28550000,0.28610000,11941119.00000000,1630171799999,3416973.84080000,4003,6166819.00000000,1764742.24970000
1630171800000,0.28610000,0.28620000,0.28510000,0.28550000,9783569.00000000,1630173599999,2795133.22170000,3170,5466587.00000000,1561951.61250000
1630173600000,0.28550000,0.28750000,0.28550000,0.28720000,10422455.00000000,1630175399999,2987731.82410000,4245,6124102.00000000,1755726.55830000
1630175400000,0.28720000,0.28750000,0.28500000,0.28540000,13046142.00000000,1630177199999,3736225.14030000,3698,6043324.00000000,1730829.14540000
1630177200000,0.28540000,0.28540000,0.28300000,0.28350000,17107517.00000000,1630178999999,4857901.58050000,5150,7588338.00000000,2155503.95960000
1630179000000,0.28340000,0.28470000,0.28300000,0.28410000,14988860.00000000,1630180799999,4254668.00600000,3763,8902432.00000000,2527028.87470000
1630180800000,0.28410000,0.28450000,0.28310000,0.28450000,7680825.00000000,1630182599999,2180092.95450000,2484,3473675.00000000,986152.95800000
1630182600000,0.28440000,0.28520000,0.28390000,0.28490000,5986930.00000000,1630184399999,1703870.01330000,2382,2583422.00000000,735433.17420000
1630184400000,0.28490000,0.28520000,0.28300000,0.28410000,11437868.00000000,1630186199999,3248229.00780000,2919,4316409.00000000,1226848.98580000
1630186200000,0.28410000,0.28610000,0.28390000,0.28590000,7109092.00000000,1630187999999,2027513.48930000,2804,3401378.00000000,969907.94380000
1630188000000,0.28590000,0.28700000,0.28500000,0.28580000,14638288.00000000,1630189799999,4186137.65340000,4364,6924474.00000000,1980543.53410000
1630189800000,0.28580000,0.28590000,0.28390000,0.28420000,11009619.00000000,1630191599999,3134431.26340000,3202,5288690.00000000,1505926.03260000
1630191600000,0.28420000,0.28540000,0.28400000,0.28420000,9651471.00000000,1630193399999,2747553.38320000,2693,4997259.00000000,1422837.77290000
1630193400000,0.28410000,0.28610000,0.28400000,0.28600000,9796546.00000000,1630195199999,2793752.85070000,2531,5309200.00000000,1514743.68660000
1630195200000,0.28600000,0.28890000,0.28550000,0.28860000,26148769.00000000,1630196999999,7511627.96340000,8297,13162208.00000000,3781406.39240000
1630197000000,0.28860000,0.29180000,0.28770000,0.29150000,32281714.00000000,1630198799999,9359222.54850000,9731,17518665.00000000,5079367.36550000
1630198800000,0.29160000,0.29180000,0.28960000,0.29000000,19783618.00000000,1630200599999,5747612.32360000,5242,8578387.00000000,2492778.87520000
1630200600000,0.29000000,0.29040000,0.28820000,0.28910000,13928223.00000000,1630202399999,4025270.05280000,4219,5440585.00000000,1572632.12970000
1630202400000,0.28920000,0.29010000,0.28870000,0.28960000,9176117.00000000,1630204199999,2655614.30310000,3163,4451705.00000000,1288558.91770000
1630204200000,0.28960000,0.29040000,0.28340000,0.28470000,26903507.00000000,1630205999999,7707751.72430000,7985,12048590.00000000,3452563.84460000
1630206000000,0.28470000,0.28510000,0.28020000,0.28060000,33139297.00000000,1630207799999,9371682.21940000,10587,13991596.00000000,3959257.53410000
1630207800000,0.28050000,0.28200000,0.27790000,0.28010000,41780008.00000000,1630209599999,11701479.18440000,11887,16896347.00000000,4734089.60420000
1630209600000,0.28010000,0.28100000,0.27720000,0.28080000,32495212.00000000,1630211399999,9075546.37920000,8190,14976389.00000000,4183349.73440000
1630211400000,0.28080000,0.28110000,0.27990000,0.28040000,12740846.00000000,1630213199999,3573633.90040000,4361,5715836.00000000,1603197.74980000
1630213200000,0.28030000,0.28180000,0.27930000,0.28110000,12579079.00000000,1630214999999,3530803.18250000,3798,6002570.00000000,1685187.78830000
1630215000000,0.28110000,0.28220000,0.28070000,0.28170000,13132645.00000000,1630216799999,3698560.21600000,3412,7376203.00000000,2077176.12040000
1630216800000,0.28160000,0.28270000,0.28070000,0.28230000,14116234.00000000,1630218599999,3977396.49740000,3666,8505425.00000000,2396869.98200000
1630218600000,0.28230000,0.28270000,0.28110000,0.28150000,8835126.00000000,1630220399999,2491432.95710000,2998,3909987.00000000,1102729.22850000
1630220400000,0.28160000,0.28270000,0.28120000,0.28250000,7440358.00000000,1630222199999,2097502.29070000,2800,3778149.00000000,1065362.80210000
1630222200000,0.28240000,0.28250000,0.28110000,0.28190000,7539195.00000000,1630223999999,2125426.05500000,2795,3230957.00000000,910852.64590000
1630224000000,0.28180000,0.28340000,0.28180000,0.28290000,12494523.00000000,1630225799999,3532228.20810000,4108,6860283.00000000,1940006.97350000
1630225800000,0.28290000,0.28320000,0.28030000,0.28130000,11698181.00000000,1630227599999,3295933.56870000,3878,4327320.00000000,1219272.21950000
1630227600000,0.28130000,0.28250000,0.28010000,0.28150000,11342873.00000000,1630229399999,3190297.02150000,3507,5334715.00000000,1500918.54390000
1630229400000,0.28150000,0.28260000,0.28060000,0.28230000,11695930.00000000,1630231199999,3292961.89760000,3629,5475971.00000000,1541577.26810000
1630231200000,0.28240000,0.28270000,0.28090000,0.28160000,10808110.00000000,1630232999999,3044631.07410000,3320,5368397.00000000,1512861.59790000
1630233000000,0.28170000,0.28230000,0.28080000,0.28170000,16859367.00000000,1630234799999,4748794.13640000,3851,9648602.00000000,2718019.33950000
1630234800000,0.28170000,0.28230000,0.28050000,0.28070000,10879736.00000000,1630236599999,3059695.96380000,3562,4719251.00000000,1327610.56390000
1630236600000,0.28060000,0.28070000,0.27780000,0.27810000,29316328.00000000,1630238399999,8176581.35330000,7899,13316789.00000000,3713403.86840000
1630238400000,0.27810000,0.28020000,0.27770000,0.27940000,14280142.00000000,1630240199999,3983713.60080000,4496,7308998.00000000,2038561.34920000
1630240200000,0.27940000,0.27980000,0.27800000,0.27870000,12304923.00000000,1630241999999,3433649.47120000,3930,5070263.00000000,1415043.02630000
1630242000000,0.27870000,0.28090000,0.27810000,0.28070000,16600634.00000000,1630243799999,4640824.69620000,4711,8380464.00000000,2343554.73190000
1630243800000,0.28060000,0.28120000,0.27910000,0.27960000,14295478.00000000,1630245599999,4007274.28540000,4302,8082817.00000000,2266138.14460000
1630245600000,0.27970000,0.28090000,0.27790000,0.27820000,14312201.00000000,1630247399999,3996685.21120000,4218,7769902.00000000,2169303.14110000
1630247400000,0.27820000,0.27960000,0.27680000,0.27710000,21905891.00000000,1630249199999,6096318.00890000,5640,9567064.00000000,2662648.99450000
1630249200000,0.27710000,0.27910000,0.27640000,0.27860000,17514839.00000000,1630250999999,4864698.34060000,5149,8690870.00000000,2413636.24900000
1630251000000,0.27860000,0.27930000,0.27830000,0.27900000,11956218.00000000,1630252799999,3333572.47550000,3460,6298576.00000000,1756397.33150000
1630252800000,0.27900000,0.27980000,0.27750000,0.27850000,10707515.00000000,1630254599999,2982669.92650000,3390,4481784.00000000,1248532.95670000
1630254600000,0.27840000,0.28130000,0.27770000,0.28060000,15913724.00000000,1630256399999,4456795.77310000,4719,8771571.00000000,2456794.11620000
1630256400000,0.28070000,0.28090000,0.27870000,0.28020000,9357111.00000000,1630258199999,2618164.54220000,3038,5082393.00000000,1422271.28660000
1630258200000,0.28020000,0.28100000,0.27990000,0.28090000,7528217.00000000,1630259999999,2112202.89300000,2864,4087177.00000000,1146930.55690000
1630260000000,0.28090000,0.28230000,0.28050000,0.28200000,9441769.00000000,1630261799999,2659067.27520000,3613,5010196.00000000,1411179.19380000
1630261800000,0.28200000,0.28200000,0.28100000,0.28130000,6852515.00000000,1630263599999,1928135.81950000,2638,2845018.00000000,800608.37270000
1630263600000,0.28130000,0.28330000,0.28130000,0.28270000,9843819.00000000,1630265399999,2783076.05570000,4083,5940570.00000000,1679644.20150000
1630265400000,0.28280000,0.28290000,0.28120000,0.28180000,8618638.00000000,1630267199999,2428519.50850000,3045,3818736.00000000,1076281.47760000
1630267200000,0.28180000,0.28320000,0.28170000,0.28300000,9120920.00000000,1630268999999,2576645.99940000,2752,5178459.00000000,1463147.25440000
1630269000000,0.28300000,0.28360000,0.28240000,0.28330000,7228604.00000000,1630270799999,2047084.96810000,3103,3767079.00000000,1066928.90880000
1630270800000,0.28340000,0.28420000,0.28220000,0.28290000,7923290.00000000,1630272599999,2243354.14330000,3236,3951162.00000000,1118769.40060000
1630272600000,0.28280000,0.28290000,0.27940000,0.28150000,17404430.00000000,1630274399999,4886521.19540000,5417,5501554.00000000,1545149.39030000
1630274400000,0.28160000,0.28450000,0.28150000,0.28430000,18232981.00000000,1630276199999,5162036.23270000,4883,9361500.00000000,2649971.86540000
1630276200000,0.28420000,0.28510000,0.28140000,0.28180000,32091994.00000000,1630277999999,9079640.19530000,9057,12633498.00000000,3576899.23300000
1630278000000,0.28170000,0.28290000,0.28120000,0.28150000,24374871.00000000,1630279799999,6876898.96760000,7093,10421683.00000000,2940965.52940000
1630279800000,0.28160000,0.28210000,0.28040000,0.28090000,13905707.00000000,1630281599999,3912139.49710000,3439,6065638.00000000,1706736.54780000
1630281600000,0.28090000,0.28200000,0.27970000,0.28020000,31194859.00000000,1630283399999,8761119.69540000,7626,14355890.00000000,4031021.42190000
1630283400000,0.28030000,0.28060000,0.27770000,0.27850000,17396624.00000000,1630285199999,4853715.18220000,5030,6278942.00000000,1752677.19030000
1630285200000,0.27850000,0.28400000,0.27810000,0.28390000,16716707.00000000,1630286999999,4690578.89120000,4946,10564909.00000000,2966844.35970000
1630287000000,0.28390000,0.28720000,0.28140000,0.28360000,44315205.00000000,1630288799999,12615623.81780000,13796,21978301.00000000,6254387.10530000
1630288800000,0.28360000,0.28980000,0.28290000,0.28960000,53295559.00000000,1630290599999,15304176.77070000,14064,24940203.00000000,7160223.46070000
1630290600000,0.28970000,0.29050000,0.28450000,0.28480000,44508893.00000000,1630292399999,12810843.07000000,12527,19240847.00000000,5538663.02120000
1630292400000,0.28480000,0.28640000,0.28090000,0.28150000,31780190.00000000,1630294199999,9010910.07720000,9465,15396895.00000000,4366526.03340000
1630294200000,0.28160000,0.28260000,0.27910000,0.28050000,24790814.00000000,1630295999999,6961894.90230000,7979,9865482.00000000,2772351.56310000
1630296000000,0.28040000,0.28230000,0.27920000,0.28060000,21130220.00000000,1630297799999,5936038.15010000,8386,9648566.00000000,2710480.50760000
1630297800000,0.28060000,0.28080000,0.27800000,0.28020000,27704063.00000000,1630299599999,7736641.31740000,8423,12224106.00000000,3414993.48280000
1630299600000,0.28010000,0.28110000,0.27820000,0.27990000,15654349.00000000,1630301399999,4378451.01400000,4808,8302165.00000000,2322125.86190000
1630301400000,0.27980000,0.28190000,0.27960000,0.28120000,15612919.00000000,1630303199999,4382583.33210000,5313,9042957.00000000,2538751.02230000
1630303200000,0.28120000,0.28120000,0.27880000,0.27880000,19726860.00000000,1630304999999,5518246.32220000,7107,10226765.00000000,2861192.62790000
1630305000000,0.27880000,0.28120000,0.27770000,0.27990000,18530945.00000000,1630306799999,5182723.45820000,6017,9638487.00000000,2697856.68340000
1630306800000,0.27980000,0.28240000,0.27950000,0.28180000,20507005.00000000,1630308599999,5765116.09920000,5314,11101328.00000000,3122376.94430000
1630308600000,0.28170000,0.28190000,0.28050000,0.28120000,12992996.00000000,1630310399999,3653617.62070000,3988,7461815.00000000,2098246.24040000
1630310400000,0.28120000,0.28170000,0.28000000,0.28140000,13205688.00000000,1630312199999,3708062.22110000,5375,7311860.00000000,2053287.17580000
1630312200000,0.28140000,0.28320000,0.28080000,0.28200000,19312920.00000000,1630313999999,5450655.90070000,5301,9400871.00000000,2651833.80000000
1630314000000,0.28200000,0.28230000,0.28080000,0.28110000,9014085.00000000,1630315799999,2538192.09420000,3515,3938575.00000000,1109313.75440000
1630315800000,0.28110000,0.28240000,0.28020000,0.28050000,14169607.00000000,1630317599999,3985895.78810000,4380,6235896.00000000,1755016.51050000
1630317600000,0.28060000,0.28080000,0.27960000,0.27980000,10350272.00000000,1630319399999,2900506.46750000,4144,4473136.00000000,1253797.61650000
1630319400000,0.27990000,0.28080000,0.27950000,0.28030000,7910237.00000000,1630321199999,2216139.67240000,3277,3607197.00000000,1010696.16600000
1630321200000,0.28020000,0.28030000,0.27830000,0.27860000,12003417.00000000,1630322999999,3354604.94880000,4509,5072298.00000000,1417706.35570000
1630323000000,0.27860000,0.27870000,0.27500000,0.27780000,45188526.00000000,1630324799999,12508412.69390000,12357,16998566.00000000,4706004.84130000
1630324800000,0.27780000,0.27810000,0.27310000,0.27390000,29997724.00000000,1630326599999,8259083.59190000,9570,13457235.00000000,3705074.42050000
1630326600000,0.27380000,0.27640000,0.27360000,0.27410000,17676772.00000000,1630328399999,4857242.00290000,5440,9982100.00000000,2742741.43310000
1630328400000,0.27410000,0.27470000,0.27120000,0.27160000,33512804.00000000,1630330199999,9139375.03600000,9568,15957255.00000000,4351753.52250000
1630330200000,0.27160000,0.27410000,0.27110000,0.27410000,19467339.00000000,1630331999999,5312315.12830000,6082,9772540.00000000,2668208.37970000
1630332000000,0.27420000,0.27580000,0.27360000,0.27540000,16614867.00000000,1630333799999,4567080.18890000,5767,7921782.00000000,2177933.05120000
1630333800000,0.27540000,0.27550000,0.27240000,0.27290000,15286907.00000000,1630335599999,4186464.95440000,4932,6656081.00000000,1822537.83960000
1630335600000,0.27290000,0.27550000,0.27260000,0.27500000,15191828.00000000,1630337399999,4165316.10990000,4855,8436084.00000000,2313443.00390000
1630337400000,0.27490000,0.27720000,0.27480000,0.27670000,18284360.00000000,1630339199999,5050713.43370000,5893,9371899.00000000,2589140.13070000
1630339200000,0.27680000,0.27810000,0.27610000,0.27720000,18393620.00000000,1630340999999,5094927.24100000,5840,9831983.00000000,2724063.32100000
1630341000000,0.27720000,0.27890000,0.27670000,0.27860000,14012830.00000000,1630342799999,3897093.71960000,5048,7621480.00000000,2119714.20840000
1630342800000,0.27860000,0.27900000,0.27680000,0.27750000,15858381.00000000,1630344599999,4404923.37510000,4538,6494867.00000000,1804504.81140000
1630344600000,0.27750000,0.27880000,0.27650000,0.27860000,9706757.00000000,1630346399999,2693294.10460000,3927,4367876.00000000,1212047.13270000
1630346400000,0.27860000,0.27950000,0.27780000,0.27800000,13409093.00000000,1630348199999,3737637.51200000,4994,6022690.00000000,1678799.93790000
1630348200000,0.27800000,0.27960000,0.27790000,0.27900000,13863903.00000000,1630349999999,3865741.28480000,4470,7290522.00000000,2032946.33910000
1630350000000,0.27890000,0.27970000,0.27830000,0.27890000,23930084.00000000,1630351799999,6674039.13880000,6007,10783556.00000000,3007747.04990000
1630351800000,0.27890000,0.28120000,0.27890000,0.28010000,19209855.00000000,1630353599999,5381205.42510000,7035,8654232.00000000,2424705.82980000
1630353600000,0.28000000,0.28100000,0.27920000,0.28020000,18376912.00000000,1630355399999,5149265.34360000,4828,10178663.00000000,2852328.26810000
1630355400000,0.28020000,0.28160000,0.28010000,0.28060000,10210212.00000000,1630357199999,2868967.09980000,4282,5636919.00000000,1584002.79460000
1630357200000,0.28060000,0.28090000,0.27730000,0.27770000,13440831.00000000,1630358999999,3751021.70450000,5732,6197931.00000000,1729789.23820000
1630359000000,0.27760000,0.27910000,0.27760000,0.27870000,6403229.00000000,1630360799999,1783562.93190000,2865,3589783.00000000,1000009.99060000
1630360800000,0.27870000,0.27950000,0.27530000,0.27590000,15661559.00000000,1630362599999,4340772.60360000,5044,6798283.00000000,1885407.31390000
1630362600000,0.27600000,0.27640000,0.27380000,0.27490000,19579101.00000000,1630364399999,5385716.19550000,6087,7884883.00000000,2169323.96200000
1630364400000,0.27490000,0.27490000,0.27140000,0.27260000,27349746.00000000,1630366199999,7465438.74140000,7923,13266479.00000000,3621297.10620000
1630366200000,0.27260000,0.27290000,0.26980000,0.27200000,42472233.00000000,1630367999999,11509773.10370000,12799,19391828.00000000,5257020.23640000
1630368000000,0.27190000,0.27360000,0.27010000,0.27020000,25904156.00000000,1630369799999,7038156.29920000,7454,13879699.00000000,3769879.36460000
1630369800000,0.27020000,0.27280000,0.26960000,0.27160000,18839564.00000000,1630371599999,5101675.52430000,6934,8786507.00000000,2380090.05230000
1630371600000,0.27160000,0.27320000,0.27080000,0.27240000,9749734.00000000,1630373399999,2655464.81290000,3283,4978346.00000000,1356048.52670000
1630373400000,0.27240000,0.27310000,0.27180000,0.27220000,5805219.00000000,1630375199999,1581304.56080000,2453,2584396.00000000,704107.61190000
1630375200000,0.27220000,0.27330000,0.27090000,0.27310000,10884638.00000000,1630376999999,2962193.28280000,4157,5419811.00000000,1475318.15350000
1630377000000,0.27310000,0.27320000,0.27190000,0.27280000,9525402.00000000,1630378799999,2597034.26520000,2652,5181363.00000000,1412896.77050000
1630378800000,0.27280000,0.27480000,0.27250000,0.27460000,7793458.00000000,1630380599999,2133140.33390000,3264,3853938.00000000,1054894.14010000
1630380600000,0.27470000,0.27520000,0.27370000,0.27490000,9217412.00000000,1630382399999,2528889.51510000,3430,4205554.00000000,1153905.05580000
1630382400000,0.27490000,0.27560000,0.27360000,0.27480000,10270960.00000000,1630384199999,2821655.05940000,3898,4057590.00000000,1115048.67100000
1630384200000,0.27470000,0.27530000,0.27280000,0.27290000,8115828.00000000,1630385999999,2223890.64940000,3283,3605346.00000000,988274.66000000
1630386000000,0.27290000,0.27420000,0.27250000,0.27380000,9592610.00000000,1630387799999,2621893.37960000,3924,4325413.00000000,1182503.35030000
1630387800000,0.27380000,0.27410000,0.27260000,0.27280000,7816987.00000000,1630389599999,2136709.57840000,2802,4142157.00000000,1132251.86270000
1630389600000,0.27280000,0.27390000,0.27150000,0.27200000,8858553.00000000,1630391399999,2414799.33560000,3736,3838272.00000000,1046327.75060000
1630391400000,0.27200000,0.27250000,0.27070000,0.27110000,9050435.00000000,1630393199999,2456708.21230000,3578,4742737.00000000,1287450.11050000
1630393200000,0.27100000,0.27450000,0.26960000,0.27440000,38352931.00000000,1630394999999,10439919.21220000,9541,19646056.00000000,5348713.07140000
1630395000000,0.27440000,0.27900000,0.27400000,0.27700000,55329339.00000000,1630396799999,15325498.72300000,14573,26020337.00000000,7207911.45830000
1630396800000,0.27700000,0.27900000,0.27580000,0.27860000,20526494.00000000,1630398599999,5687251.11570000,6549,11697733.00000000,3241927.12990000
1630398600000,0.27860000,0.27870000,0.27540000,0.27630000,18999249.00000000,1630400399999,5260010.35160000,5934,7756024.00000000,2149811.35970000
1630400400000,0.27620000,0.27670000,0.27450000,0.27540000,14276938.00000000,1630402199999,3936463.33350000,5340,5778967.00000000,1593544.92650000
1630402200000,0.27540000,0.27680000,0.27470000,0.27520000,14961929.00000000,1630403999999,4123322.17360000,4450,7903279.00000000,2178745.90190000
1630404000000,0.27530000,0.27540000,0.27290000,0.27400000,16578026.00000000,1630405799999,4541846.83510000,5967,7006348.00000000,1920082.51940000
1630405800000,0.27400000,0.27630000,0.27370000,0.27530000,13337043.00000000,1630407599999,3667643.48970000,4554,5462577.00000000,1502453.87340000
1630407600000,0.27530000,0.27700000,0.27450000,0.27690000,19693702.00000000,1630409399999,5429584.82040000,5148,9536330.00000000,2631036.35570000
1630409400000,0.27690000,0.28020000,0.27660000,0.27940000,39003162.00000000,1630411199999,10868915.32930000,13617,21100415.00000000,5879892.52960000
1630411200000,0.27950000,0.28050000,0.27800000,0.27830000,25583834.00000000,1630412999999,7145302.00270000,9059,14952231.00000000,4176241.74410000
1630413000000,0.27840000,0.27890000,0.27620000,0.27720000,28291609.00000000,1630414799999,7850661.18510000,8135,16284816.00000000,4519074.95370000
1630414800000,0.27720000,0.28030000,0.27700000,0.27830000,29473625.00000000,1630416599999,8213676.65920000,9267,16028564.00000000,4467624.37710000
1630416600000,0.27830000,0.27970000,0.27790000,0.27960000,13544906.00000000,1630418399999,3778346.79460000,5367,7512223.00000000,2095748.79910000
1630418400000,0.27950000,0.28160000,0.27620000,0.27640000,48376447.00000000,1630420199999,13500177.59870000,14681,21083177.00000000,5886645.96030000
1630420200000,0.27640000,0.27780000,0.27480000,0.27550000,29179385.00000000,1630421999999,8065843.52320000,8767,13561415.00000000,3749753.23850000
1630422000000,0.27550000,0.27660000,0.27430000,0.27580000,22152271.00000000,1630423799999,6103914.06630000,7779,10069517.00000000,2775557.27170000
1630423800000,0.27580000,0.27900000,0.27530000,0.27820000,23344706.00000000,1630425599999,6477047.05640000,6933,11264190.00000000,3125938.07380000
1630425600000,0.27820000,0.28600000,0.27820000,0.28450000,112902728.00000000,1630427399999,31986065.23320000,38931,57746480.00000000,16360547.58800000
1630427400000,0.28440000,0.28540000,0.28000000,0.28040000,40300716.00000000,1630429199999,11375976.53940000,12478,17378420.00000000,4905401.14890000
1630429200000,0.28050000,0.28120000,0.27790000,0.27860000,25300825.00000000,1630430999999,7067769.80030000,8501,11148016.00000000,3114060.10830000
1630431000000,0.27850000,0.27900000,0.27550000,0.27700000,27956340.00000000,1630432799999,7746090.52990000,9419,11625655.00000000,3221858.48140000
1630432800000,0.27700000,0.27820000,0.27580000,0.27720000,14623651.00000000,1630434599999,4048205.34500000,5097,6852322.00000000,1897671.39830000
1630434600000,0.27720000,0.27930000,0.27690000,0.27840000,11817793.00000000,1630436399999,3288543.64750000,4322,6277333.00000000,1747091.58380000
1630436400000,0.27850000,0.27950000,0.27800000,0.27840000,10367497.00000000,1630438199999,2889669.22270000,4195,4478364.00000000,1248475.10230000
1630438200000,0.27830000,0.27960000,0.27750000,0.27930000,13698684.00000000,1630439999999,3815379.43390000,4147,5185384.00000000,1445388.90450000
1630440000000,0.27920000,0.28070000,0.27780000,0.27960000,17102244.00000000,1630441799999,4776764.16150000,5678,7787114.00000000,2175954.74160000
1630441800000,0.27960000,0.28130000,0.27660000,0.27750000,25960188.00000000,1630443599999,7235633.87480000,6893,12371974.00000000,3449400.34640000
1630443600000,0.27750000,0.27800000,0.27570000,0.27690000,12423359.00000000,1630445399999,3437454.47700000,4456,5302001.00000000,1467146.29380000
1630445400000,0.27680000,0.27850000,0.27680000,0.27700000,8326396.00000000,1630447199999,2311404.58570000,3300,3963940.00000000,1100497.38800000
1630447200000,0.27690000,0.27770000,0.27340000,0.27470000,21098184.00000000,1630448999999,5805926.67380000,7309,8548436.00000000,2353001.91630000
1630449000000,0.27460000,0.27650000,0.27290000,0.27630000,10633675.00000000,1630450799999,2921912.38000000,4011,4831271.00000000,1328585.28820000
1630450800000,0.27640000,0.27790000,0.27550000,0.27780000,9371137.00000000,1630452599999,2594036.53790000,3255,5303493.00000000,1467918.62760000
1630452600000,0.27780000,0.27950000,0.27760000,0.27810000,10077633.00000000,1630454399999,2806581.25740000,3795,4989189.00000000,1389136.59100000
1630454400000,0.27820000,0.27940000,0.27560000,0.27730000,23666857.00000000,1630456199999,6563654.87010000,7178,13712569.00000000,3802406.79480000
1630456200000,0.27730000,0.27730000,0.27360000,0.27370000,24067839.00000000,1630457999999,6613846.79040000,5856,13355960.00000000,3667680.82810000
1630458000000,0.27380000,0.27560000,0.27280000,0.27540000,19451481.00000000,1630459799999,5326119.84850000,5121,11171603.00000000,3058385.85750000
1630459800000,0.27540000,0.27670000,0.27440000,0.27660000,10182665.00000000,1630461599999,2806553.00200000,3188,5254625.00000000,1448782.71380000
1630461600000,0.27650000,0.27660000,0.27490000,0.27660000,8185656.00000000,1630463399999,2257979.02360000,2723,3912036.00000000,1079316.39570000
1630463400000,0.27650000,0.27690000,0.27480000,0.27500000,6954022.00000000,1630465199999,1917787.79310000,2364,2724367.00000000,751488.24020000
1630465200000,0.27500000,0.27570000,0.27430000,0.27470000,9529998.00000000,1630466999999,2620282.00390000,2724,4621601.00000000,1270681.47290000
1630467000000,0.27470000,0.27620000,0.27370000,0.27620000,9573359.00000000,1630468799999,2628759.81130000,2789,5116737.00000000,1404757.74580000
1630468800000,0.27620000,0.27710000,0.27520000,0.27650000,8929472.00000000,1630470599999,2467129.97900000,2846,5441484.00000000,1503473.90290000
1630470600000,0.27650000,0.27730000,0.27550000,0.27730000,10676781.00000000,1630472399999,2952549.63270000,3287,6203971.00000000,1716121.69510000
1630472400000,0.27720000,0.27860000,0.27680000,0.27780000,13796083.00000000,1630474199999,3832252.45280000,4509,7617657.00000000,2115973.79070000
1630474200000,0.27770000,0.27990000,0.27730000,0.27960000,15045202.00000000,1630475999999,4199499.33470000,5175,7832564.00000000,2185729.06560000
1630476000000,0.27950000,0.28000000,0.27750000,0.27770000,15549770.00000000,1630477799999,4332081.17980000,4465,6867079.00000000,1912677.81570000
1630477800000,0.27770000,0.27960000,0.27700000,0.27870000,18223390.00000000,1630479599999,5072631.13870000,4884,10048300.00000000,2798296.35800000
1630479600000,0.27870000,0.28100000,0.27860000,0.27990000,34306744.00000000,1630481399999,9611479.11670000,7283,19107327.00000000,5352869.94510000
1630481400000,0.27990000,0.27990000,0.27770000,0.27840000,13179138.00000000,1630483199999,3671597.53340000,5446,7078398.00000000,1972596.89610000
1630483200000,0.27850000,0.28000000,0.27780000,0.27780000,11400581.00000000,1630484999999,3183245.62430000,4126,5686421.00000000,1588433.42260000
1630485000000,0.27790000,0.27900000,0.27760000,0.27850000,13500815.00000000,1630486799999,3757615.93580000,4385,6853797.00000000,1907516.78090000
1630486800000,0.27850000,0.28000000,0.27850000,0.27990000,14664802.00000000,1630488599999,4098086.26630000,5063,7352295.00000000,2054695.01220000
1630488600000,0.27990000,0.28100000,0.27950000,0.28090000,20578438.00000000,1630490399999,5767559.13540000,6389,11843497.00000000,3319790.12260000
1630490400000,0.28090000,0.28240000,0.28050000,0.28120000,23557600.00000000,1630492199999,6630074.46690000,9580,11919933.00000000,3355200.19920000
1630492200000,0.28120000,0.28190000,0.27990000,0.28000000,13286520.00000000,1630493999999,3730973.24610000,4969,6230018.00000000,1749885.34590000
1630494000000,0.27990000,0.28230000,0.27990000,0.28130000,20130388.00000000,1630495799999,5664782.24890000,5660,9927746.00000000,2793896.90930000
1630495800000,0.28140000,0.28300000,0.28040000,0.28300000,21877520.00000000,1630497599999,6156632.84380000,5739,12693125.00000000,3572092.12250000
1630497600000,0.28290000,0.28480000,0.28160000,0.28350000,33061671.00000000,1630499399999,9368045.50870000,14849,14235463.00000000,4034671.91940000
